0 0 c1a6f458-5d6b-4ee7-bb34-fbb9738346a5 1
0 0 3fd17ecf-16b8-4289-96fc-547290cdf79f 1
0 0 c41c87b5-f6a9-4e4c-b37b-35af09ecec46 1
0 0 f2ba023e-e079-4f20-ab01-07d768f2c90b 1
0 0 75ca5ada-7fc8-4b15-961f-d6f26986b0ee 1
0 0 2dc457be-5269-4c79-9dde-c41a1e013fa5 1
0 0 ea871be4-06d2-4e5c-8d8b-74bd2768623a 1
0 0 2a8af158-c74d-40f2-9290-28e9e365fa4b 1
0 0 760aac7a-fe5f-4e80-8540-ef3dbe757be7 1
0 0 7d51c829-68c7-40c8-8203-c6ebdd98cf4c 1
0 0 22a26d5f-40a9-47f8-834e-748d2c8f6cb2 1
0 0 f2a58848-c263-4af8-a4cc-f2a1d936ae45 1
0 0 5ba7dce2-71f4-4bea-8983-b59b3c46e178 1
0 0 1843482d-9dc0-4b8d-8d8a-e412f1e0114f 1
0 0 5a686449-56cd-48dd-b508-3f1d3cbe1969 1
0 0 0d45b0df-19b0-4b51-a921-98bc32e35dcb 1
0 0 37c2f965-7b24-43bd-8dc6-7ea97c8acc27 1
0 0 1a7efab4-5756-485b-af6e-16c4e4cf1b22 1
0 0 cd9e4808-5a07-452e-9b62-ab613cffadc4 1
0 0 9e718905-4fe7-4a32-bfee-b1563e9ed9d9 1
0 0 47202acd-744c-4c25-8a3e-b13bbf45a969 1
0 0 348c966f-8c94-4016-a8d1-a106decd4835 1
0 0 6b1b9615-36b5-4117-b77d-4e1751040ffd 1
0 0 9e4f030d-ff71-49a7-a326-b72121874d6d 1
